13 8

5
3698,172826						3362,195278						3830,821667						5721,282301						9442,242222						10906,96694						10591,89389						6085,515278						6671,863056						7748,706111						7786,616389						7934,93269						7640,680062					
3698,172826						3362,195278						3830,821667						5721,282301						9442,242222						10906,96694						10591,89389						6085,515278						6671,863056						7748,706111						7786,616389						7934,93269						7640,680062					
6125,761294						5569,238288						6345,484702						9476,898815						15640,40532						18066,61805						17544,72186						10080,22494						11051,46849						12835,18273						12897,97842						13143,65386						12656,24523					
5894,057591						5358,584775						6105,470076						9118,440096						15048,8152						17383,25772						16881,10197						9698,945725						10633,4525						12349,69868						12410,11916						12646,50206						12177,5294					
11253,53082						10231,15197						11657,18092						17409,84798						28732,71988						33189,87361						32231,10708						18518,20804						20302,46289						23579,29366						23694,65454						24145,98068						23250,57066					
5935,956082						5396,676805						6148,871414						9183,259429						15155,79119						17506,82832						17001,10295						9767,89164						10709,04145						12437,48774						12498,33772						12736,40097						12264,09457					
15457,51435						14053,20524						16011,95608						23913,64801						39466,40719						45588,62064						44271,68752						25436,05833						27886,85758						32387,81461						32546,27088						33166,199						31936,2905					
2232,735245						2029,892126						2312,82067						3454,16757						5700,660299						6584,973355						6394,751115						3674,069625						4028,071293						4678,204631						4701,092586						4790,637085						4612,984974					
10609,40462						9645,544383						10989,95072						16413,34836						27088,12514						31290,16165						30386,27271						17458,26844						19140,39665						22229,66917						22338,42706						22763,92033						21919,76152					
31667,18232						28790,23125						32803,04461						48990,92019						80853,22674						93395,55697						90697,60953						52109,82042						57130,67338						66351,60139						66676,22431						67946,24591						65426,58227					
19819,50061						18018,90677						20530,40135						30661,88721						50603,50998						58453,36284						56764,80178						32613,90948						35756,30457						41527,39549						41730,56684						42525,4337						40948,4549					
19558,01364						17781,17579						20259,53517						30257,3521						49935,87669						57682,16316						56015,87999						32183,62052						35284,55668						40979,50718						41179,998						41964,37785						40408,2048					
30801,95325						28003,6079						31906,78084						47652,36192						78644,1081						90843,74952						88219,51697						50686,04576						55569,71607						64538,70454						64854,45793						66089,77926						63638,95933					
12637,69543						11489,56576						13090,99378						19551,22883						32266,79416						37272,17						36195,47686						20795,91523						22799,6303						26479,50553						26609,0556						27115,89406						26110,35017					
9897,130279						8997,979882						10252,12798						15311,41971						25269,53331						29189,46136						28346,25602						16286,1879						17855,38453						20737,25526						20838,71156						21235,63886						20448,1536					
9897,130279						8997,979882						10252,12798						15311,41971						25269,53331						29189,46136						28346,25602						16286,1879						17855,38453						20737,25526						20838,71156						21235,63886						20448,1536					
17519,12202						15927,51667						18147,51105						27103,07156						44730,14146						51668,88995						50176,31414						28828,52958						31606,19811						36707,45913						36887,04911						37589,65861						36195,71411					
26050,76534						23684,06354						26985,17376						40302,00579						66513,28858						76831,14061						74611,69479						42867,74521						46998,1115						54583,6374						54850,68596						55895,45951						53822,67749					
26378,88605						23982,37462						27325,06375						40809,62707						67351,05236						77798,86222						75551,46151						43407,6831						47590,07314						55271,14203						55541,55419						56599,48712						54500,59751					
38774,78175						35252,10806						40165,58475						59986,77806						99000,47906						114357,8958						111054,4026						63805,70564						69953,47325						81244,00953						81641,49305						83196,56699						80111,37278					
16995,64328						15451,59577						17605,25578						26293,22038						43393,58601						50125,00179						48677,02477						27967,12099						30661,79161						35610,62481						35784,84856						36466,4638						35114,17094					
7252,477339						6593,592623						7512,614644						11219,99219						18517,15725						21389,62518						20771,73621						11934,28856						13084,1737						15195,96788						15270,31363						15561,17635						14984,11827					
16363,63231						14877,00275						16950,57537						25315,4637						41779,92409						48261,02109						46866,88948						26927,11756						29521,58242						34286,38511						34454,13007						35110,39832						33808,3927					
49330,67746						44849,0048						51100,10725						76317,34511						125951,9843						145490,2444						141287,421						81175,92267						88997,33461						103361,5626						103867,2554						105845,6767						101920,5812					
41347,75293						37591,32583						42830,84519						63967,30985						105569,836						121946,3221						118423,6195						68039,64932						74595,36323						86635,10358						87058,96284						88717,22655						85427,30866					
30605,08082						27824,62125						31702,84685						47347,78915						78141,44983						90263,11656						87655,65693						50362,08303						55214,53908						64126,20176						64439,937						65667,3627						63232,20732					
25059,84078						22783,1641						25958,70598						38768,98952						63983,24197						73908,62135						71773,59928						41237,13281						45210,38734						52507,37339						52764,26391						53769,29614						51775,35904					
6950,101483						6318,687494						7199,392944						10752,19966						17745,12571						20497,8325						19905,70503						11436,71503						12538,65828						14562,40592						14633,65199						14912,38783						14359,3889					
16965,86002						15424,5183						17574,40423						26247,14399						43317,54284						50037,16244						48591,72287						27918,11124						30608,05971						35548,22054						35722,13899						36402,55976						35052,63667					
16965,86002						15424,5183						17574,40423						26247,14399						43317,54284						50037,16244						48591,72287						27918,11124						30608,05971						35548,22054						35722,13899						36402,55976						35052,63667					
35430,47449						32211,62981						36701,32136						54812,94579						90461,73285						104494,5794						101476,011						58302,4926						63920,01806						74236,75073						74599,95147						76020,901						73201,80338					
16701,34425						15184,03368						17300,40061						25837,92314						42642,17635						49257,02994						47834,12631						27482,83824						30130,84756						34993,98603						35165,19291						35835,00519						34506,12884					
21953,79964						19959,30557						22741,25502						33963,76839						56052,84115						64748,01971						62877,62288						36125,99774						39606,78737						45999,34873						46224,39896						47104,8625						45358,06387					
34048,32909						30955,05177						35269,60014						52674,68877						86932,81404						100418,2383						97517,42437						56028,1081						61426,49348						71340,76965						71689,80191						73055,32009						70346,19568					
44331,12741						40303,6619						45921,22959						68582,75872						113187,042						130745,1447						126968,2677						72948,93068						79977,66062						92886,10729						93340,54937						95118,46218						91591,16604					
42110,50739						38284,78434						43620,9587						65147,33409						107517,3145						124195,9026						120608,2157						69294,79723						75971,44637						88233,28744						88664,96576						90353,81996						87003,21196					
44564,34551						40515,69224						46162,81293						68943,5603						113782,4987						131432,9714						127636,225						73332,70192						80398,40874						93374,76443						93831,59725						95618,86334						92073,01073					
37426,45802						34026,27902						38768,89833						57900,84508						95557,91436						110381,3044						107192,6843						61586,97628						67520,96626						78418,89432						78802,55606						80303,55509						77325,64299					
34018,04103						30927,51537						35238,22567						52627,83142						86855,482						100328,9101						97430,67667						55978,26768						61371,85087						71277,30769						71626,02946						72990,33293						70283,61844					
35158,3867						31964,26108						36419,47413						54392,0106						89767,03335						103692,1149						100696,7275						57854,7595						63429,14525						73666,65073						74027,06228						75437,09964						72639,65124					
20810,42516						18919,80621						21556,86912						32194,90347						53133,55659						61375,8821						59602,89729						34244,52188						37544,02873						43603,65949						43816,98889						44651,59707						42995,77335					
22424,27427						20387,03776						23228,60498						34691,61921						57254,06552						66135,58362						64225,10379						36900,1856						40455,56929						46985,12461						47214,99771						48114,32978						46330,09688					
15614,00269						14195,47668						16174,05746						24155,74431						39865,95607						46050,14941						44719,88396						25693,56717						28169,17775						32715,70144						32875,76188						33501,96602						32259,6062					
15614,00269						14195,47668						16174,05746						24155,74431						39865,95607						46050,14941						44719,88396						25693,56717						28169,17775						32715,70144						32875,76188						33501,96602						32259,6062					
15923,44576						14476,80697						16494,59987						24634,47023						40656,03176						46962,78533						45606,15627						26202,77012						28727,44311						33364,07119						33527,30376						34165,91821						32898,93692					
43163,01767						39241,67448						44711,22121						66775,62696						110204,6029						127300,0558						123622,6982						71026,75182						77870,27717						90438,59078						90881,05847						92612,12389						89177,77078					
36971,63224						33612,77398						38297,75851						57197,20389						94396,64488						109039,8934						105890,023						60838,5393						66700,41635						77465,90712						77844,9064						79327,66451						76385,94155					
37731,86269						34303,93779						39085,25748						58373,32335						96337,67911						111282,0299						108067,3902						62089,53385						68071,94594						79058,80248						79445,59495						80958,84232						77956,63008					
24831,16589						22575,26423						25721,8288						38415,21654						63399,38505						73234,19383						71118,65416						40860,83763						44797,83561						52028,23555						52282,7819						53278,64305						51302,90094					
38795,9834						35271,38355						40187,54687						60019,57821						99054,61149						114420,4255						111115,126						63840,59393						69991,72308						81288,43291						81686,13376						83242,05801						80155,17684					
42135,24264						38307,27241						43646,58118						65185,60092						107580,469						124268,8539						120679,0597						69335,50023						76016,07117						88285,11471						88717,0466						90406,89281						87054,3167					
43643,58832						39678,58547						45209,02933						67519,0969						111431,6047						128717,3957						124999,095						71817,55315						78737,2733						91445,52065						91892,91471						93643,25356						90170,66287					
37681,38258						34258,04378						39032,96671						58295,22777						96208,79237						111133,1497						107922,8107						62006,46648						67980,87492						78953,03254						79339,30753						80850,53038						77852,33469					
28673,71183						26068,71638						29702,20206						44359,8522						73210,24334						84566,95828						82124,04541						47183,92558						51730,16179						60079,4437						60373,38031						61523,34789						59241,86581					
33633,88739						30578,26194						34840,29293						52033,52404						85874,65394						99195,93142						96330,4267						55346,12502						60678,80039						70472,39841						70817,18219						72166,07907						69489,93055					
37315,90658						33925,77113						38654,38155						57729,81576						95275,65241						110055,2567						106876,0552						61405,05874						67321,52072						78187,25814						78569,78661						80066,35194						77097,23609					
15056,70228						13688,80679						15596,76738						23293,56909						38443,04651						44406,51147						43123,72632						24776,50344						27163,75367						31548,00125						31702,34876						32306,2022						31108,18512					
48237,78309						43855,39945						49968,01212						74626,57577						123161,5864						142266,9871						138157,2749						79377,51418						87025,64699						101071,6433						101566,1328						103500,7232						99662,58605					
1345,29492						1223,075405						1393,548968						2081,247247						3434,831494						3967,6586						3853,043573						2213,74532						2427,04273						2818,769013						2832,559743						2886,513188						2779,472067					
46045,43193						41862,22253						47697,02407						71234,88466						117564,0355						135801,1179						131878,1874						75769,89845						83070,43252						96478,05459						96950,07015						98796,73564						95133,03739					
40074,64457						36433,87886						41512,07202						61997,73928						102319,3125						118191,5622						114777,3246						65944,69033						72298,55206						83967,58559						84378,39411						85985,59943						82796,97899					
35069,03691						31883,02868						36326,91947						54253,78142						89538,90382						103428,5969						100440,8218						57707,73026						63267,94954						73479,43793						73838,93355						75245,38751						72455,04841					
34647,52799						31499,81369						35890,29155						53601,68332						88462,69959						102185,4468						99233,58299						57014,11775						62507,50651						72596,25889						72951,43359						74340,98282						71584,18192					
7637,135774						6943,30499						7911,070297						11815,08053						19499,27417						22524,09267						21873,43197						12567,26189						13778,13488						16001,93486						16080,22377						16386,51333						15778,84912					
39651,62125						36049,28704						41073,87539						61343,29831						101239,2416						116943,9457						113565,7484						65248,5858						71535,3769						83081,23346						83487,70553						85077,94538						81922,98365					
43373,51973						39433,05251						44929,27372						67101,28554						110742,0606						127920,8864						124225,5947						71373,14274						78250,04333						90879,65144						91324,27701						93063,78468						89612,68254					
14917,37717						13562,13932						15452,44486						23078,02529						38087,31912						43995,60199						42724,68691						24547,23751						26912,39765						31256,07621						31408,99548						32007,26125						30820,32986					
46067,13838						41881,95696						47719,5091						71268,46576						117619,4568						135865,1364						131940,3566						75805,61742						83109,59306						96523,53567						96995,77374						98843,30978						95177,8844					
45630,48543						41484,97376						47267,19396						70592,93898						116504,5866						134577,3223						130689,744						75087,0847						82321,82872						95608,62565						96076,38756						97906,4115						94275,7293					
35812,60892						32559,04747						37097,16248						55404,12934						91437,40543						105621,6029						102570,4778						58931,31257						64609,42569						75037,4292						75404,54724						76840,82238						73991,31946					
11344,39502						10313,76119						11751,3043						17550,42003						28964,71601						33457,85806						32491,35017						18667,7293						20466,39072						23769,67956						23885,9719						24340,94217						23438,30235					
10259,07266						9327,039944						10627,05279						15871,36503						26193,6512						30256,93273						29382,89101						16881,78092						18508,36376						21495,62576						21600,79237						22012,23547						21195,95153					
17520,63642						15928,89349						18149,07977						27105,41443						44734,00806						51673,35636						50180,65153						28831,0216						31608,93024						36710,63223						36890,23773						37592,90797						36198,84297					
39140,25774						35584,38071						40544,16991						60552,19007						99933,61902						115435,7888						112101,1581						64407,11337						70612,82745						82009,78392						82411,01397						83980,74543						80866,47138					
43419,96143						39475,275						44977,38122						67173,13347						110860,6364						128057,8562						124358,6078						71449,56472						78333,82867						90976,95979						91422,06144						93163,43167						89708,6343					
38560,74608						35057,51746						39943,87189						59655,6528						98453,9993						113726,6436						110441,3855						63453,50001						69567,33212						80795,54497						81190,83439						82737,32437						79669,16033					
26598,47452						24182,01357						27552,52859						41149,34285						67911,70965						78446,4913						76180,38232						43769,02614						47986,23209						55731,24129						56003,90447						57070,64406						54954,28244					
40801,55815						37094,75262						42265,05908						63122,31566						104175,2815						120335,4378						116859,2694						67140,86041						73609,97477						85490,67279						85908,93296						87545,29136						84298,83257					
46283,19324						42078,38332						47943,31359						71602,71485						118171,0921						136502,3439						132559,1569						76161,14575						83499,37703						96976,23103						97450,6839						99306,88488						95624,26866					
48261,50874						43876,96963						49992,58879						74663,28069						123222,1632						142336,9608						138225,2273						79416,55585						87068,45037						101121,3551						101616,0879						103551,6298						99711,60488					
46732,46622						42486,84003						48408,70142						72297,76553						119318,184						137827,3781						133845,9144						76900,44531						84309,90912						97917,58353						98396,64194						100270,8611						96552,49761					
41604,19189						37824,4674						43096,4823						64364,0354						106224,5806						122702,6337						119158,0834						68461,63154						75058,00402						87172,4149						87598,90294						89267,4512						85957,12923					
42659,22618						38783,65224						44189,35935						65996,23306						108918,3133						125814,2309						122179,7948						70197,7395						76961,38838						89383,00673						89820,31002						91531,17074						88136,90282					
41328,06569						37573,42716						42810,45179						63936,85257						105519,5701						121888,2588						118367,2335						68007,25304						74559,84553						86593,85331						87017,51075						88674,98489						85386,63346					
8372,126169						7611,521797						8672,42388						12952,15219						21375,86504						24691,78908						23978,50944						13776,72275						15104,12896						17541,94524						17627,76861						17963,53517						17297,38996					
12249,50338						11136,64081						12688,87777						18950,67381						31275,65517						36127,2809						35083,66054						20157,12718						22099,29414						25666,13466						25791,70534						26282,97525						25308,31865					
25817,04243						23471,57427						26743,0675						39940,42325						65916,54299						76141,82507						73942,29172						42483,1433						46576,45267						54093,92256						54358,57521						55393,97523						53339,78985					
27221,90388						24748,80461						28198,31957						42113,82328						69503,46083						80285,16236						77965,9391						44794,90812						49110,9592						57037,5001						57316,55411						58408,29651						56242,33047					
43580,99298						39621,67689						45144,18877						67422,25838						111271,7851						128532,7842						124819,8164						71714,54961						78624,34523						91314,36591						91761,1183						93508,94675						90041,33659					
41031,24265						37303,57038						42502,98208						63477,65055						104761,7161						121012,8429						117517,1061						67518,81693						74024,34792						85971,92603						86392,54072						88038,11069						84773,37658					
39811,1384						36194,31212						41239,11422						61590,08035						101646,5237						117414,4073						114022,6196						65511,07868						71823,16133						83415,46648						83823,57378						85420,21111						82252,55707					
38434,04101						34942,32349						39812,62206						59459,63289						98130,49359						113352,9542						110078,491						63245,00092						69338,74385						80530,06241						80924,05296						82465,4614						79407,37891					
44110,02453						40102,64613						45692,19602						68240,70007						112622,5181						130093,0492						126335,0095						72585,09562						79578,76954						92422,83493						92875,01047						94644,05588						91134,35224					
48111,07801						43740,20548						49836,7623						74430,55586						122838,0807						141893,2976						137794,3804						79169,01509						86797,05873						100806,1607						101299,3514						103228,8602						99400,80463					
43773,827						39796,99202						45343,93951						67720,5835						111764,1324						129101,5068						125372,1101						72031,86696						78972,23654						91718,4071						92167,13625						93922,69836						90439,74496					
45997,47582						41818,62322						47647,34784						71160,69386						117441,5931						135659,6817						131740,8369						75690,98445						82983,91505						96377,57314						96849,0971						98693,8393						95033,95677					
48756,21381						44326,73095						50505,03831						75428,61739						124485,2532						143795,9872						139642,1064						80230,61604						87960,94639						102157,9006						102657,7046						104613,0868						100733,6997					
42103,94497						38278,81812						43614,1609						65137,18166						107500,5592						124176,5482						120589,4204						69283,99847						75959,60714						88219,53735						88651,1484						90339,7394						86989,65356					
12542,28802						11402,82608						12992,16423						19403,62818						32023,19823						36990,78634						35922,22162						20638,91791						22627,50607						26279,60033						26408,17237						26911,1845						25913,23189					
19130,95192						17392,91245						19817,15527						29596,66348						48845,49491						56422,63626						54792,73746						31480,8706						34514,09583						40084,69345						40280,80643						41048,05884						39525,86582					
34110,41963						31011,50141						35333,91778						52770,74633						87091,34472						100601,361						97695,25715						56130,28097						61538,51084						71470,86669						71820,53544						73188,54378						70474,479					
41677,38805						37891,01372						43172,30391						64477,274						106411,4663						122918,5101						119367,7236						68582,07922						75190,057						87325,78132						87753,0197						89424,50351						86108,35754					
46523,47857						42296,83882						48192,21764						71974,44982						118784,5929						137211,0139						133247,3553						76556,54641						83932,87509						97479,69596						97956,61202						99822,44971						96120,7147					
43644,09312						39679,04441						45209,55223						67519,87785						111432,8935						128718,8845						125000,5408						71818,38382						78738,18401						91446,57834						91893,97758						93644,33668						90171,70582					
49435,67609						44944,46434						51208,87205						76479,78392						126220,0687						145799,9153						141588,1464						81348,70279						89186,76234						103581,564						104088,3333						106070,9655						102137,5156					
50231,74741						45668,2129						52033,49746						77711,35124						128252,6125						148147,7569						143868,165						82658,67517						90622,95235						105249,5561						105764,4859						107779,0448						103782,2538					
41279,09998						37528,90997						42759,72975						63861,09986						105394,55						121743,8449						118226,9914						67926,6777						74471,50664						86491,25646						86914,41195						88569,92231						85285,46693					
40826,7982						37117,69963						42291,20447						63161,36345						104239,7248						120409,8779						116931,5591						67182,39409						73655,51028						85543,55776						85962,07667						87599,44733						84350,98026					
45408,87775						41283,49905						47037,63748						70250,09938						115938,7738						133923,738						130055,04						74722,41896						81922,02693						95144,29559						95609,78578						97430,92208						93817,87255					
43087,29751						39172,83346						44632,78506						66658,48359						110011,2728						127076,7354						123405,8289						70902,15077						77733,67064						90279,93586						90721,62734						92449,65599						89021,3277					
49051,01765						44594,75197						50810,4164						75884,69559						125237,9517						144665,4479						140486,4506						80715,72946						88492,80115						102775,5971						103278,4231						105245,6285						101342,7847					
34399,16585						31274,01515						35633,02097						53217,45306						87828,57685						101452,956						98522,25187						56605,4263						62059,43708						72075,87077						72428,49948						73808,08807						71071,04862					
13578,64467						12345,03014						14065,6937						21006,93047						34669,24291						40047,29782						38890,43867						22344,29094						24497,19415						28451,05729						28590,2531						29134,82861						28054,41619					
18543,86824						16859,1651						19209,01364						28688,41186						47346,54218						54691,15898						53111,27792						30514,79712						33454,93985						38854,589						39044,68374						39788,39099						38312,91047					
36512,76804						33195,59741						37822,43543						56487,31505						93225,06445						107686,5719						104575,7954						60083,45694						65872,58076						76504,45833						76878,75376						78343,10898						75437,89648					
32918,07944						29927,48486						34098,80984						50926,1287						84047,04004						97084,80951						94280,28945						54168,22977						59387,4133						68972,5806						69310,02658						70630,21577						68011,02196					
38223,53895						34750,94546						39594,56956						59133,97431						97593,03591						112732,1235						109475,5945						62898,61						68958,97769						80089,00174						80480,83442						82013,80061						78972,46715					
29610,11786						26920,05029						30672,19581						45808,52524						75601,09228						87328,68688						84805,99506						48724,82523						53419,52925						62041,47616						62345,01195						63532,53437						61176,54524					
18402,01914						16730,20293						19062,07658						28468,96328						46984,37046						54272,80549						52705,00953						30281,37782						33199,03028						38557,37545						38746,01609						39484,03444						38019,84043					
47769,32767						43429,50302						49482,7538						73901,84877						121965,5175						140885,3784						136815,5772						78606,64902						86180,50791						100090,0982						100579,7855						102495,5884						98694,72486					
47835,96141						43490,08312						49551,77761						74004,93494						122135,648						141081,9003						137006,4222						78716,29795						86300,72166						100229,7145						100720,0849						102638,5601						98832,39477					
38265,94224						34789,49643						39638,49381						59199,5746						97701,30077						112857,1829						109597,0413						62968,38658						69035,47735						80177,84849						80570,11585						82104,78264						79060,07527					
41716,76253						37926,81105						43213,09071						64538,18855						106511,998						123034,6367						119480,4956						68646,87177						75261,0924						87408,28188						87835,92388						89508,98683						86189,70794					
32734,33184						29760,43066						33908,47144						50641,86078						83577,89232						96542,88541						93754,02008						53865,86455						59055,91478						68587,57801						68923,14037						70235,96031						67631,38675					
45726,39764						41572,17238						47366,54641						70741,32059						116749,4714						134860,1947						130964,445						75244,9127						82494,86366						95809,58854						96278,33365						98112,20418						94473,89054					
42112,02179						38286,16116						43622,52742						65149,67695						107521,1811						124200,369						120612,5531						69297,28925						75974,1785						88236,46054						88668,15438						90357,06931						87006,34082					
